26314965
24403608
19887448
19491398
10562553
12167706
15574414
22232550
24726472
10756197
17220279
12782599
17327229
2005901
1756725
15252056
12490554
8756643
22896703
17327400
11112786
10644740
20231359
18195090
22235125
23913826
7913891
9556594
12119294
9535899
1976511
11846562
20145255
11432851
14610084
18663143
10893243
12054735
16462943
8810328
12372421
12393611
17442339
10330134
12562512
20427770
11875113
15767669
9022669
23774591
20683885
15986483
8631881
20440264
11729207
17641060
8360178
10207097
10196196
10744779
7772254
9417125
17350185
21672318
21860419
8367294
17242174
7964459
8654390
15087465
11504723
16054593
17560375
21374739
7507206
11278819
14522076
20661472
11058961
22115574
17066077
15342482
15024088
15470499
22328502
19098908
8056341
23918801
17056598
12446692
10432290
16342160
19816943
16940180
21709683
15539151
25609694
17018618
16574740
16751105
16997917
8816445
19008924
25352127
18755691
12655064
11290323
17097062
10995766
10669742
15232220
21501586
14625278
23708658
24623306
17003378
10835276
12527367
11527422
15271874
17984056
12923186
21620140
10075714
15585134
20346720
21362508
10220376
22406477
7513049
18361414
11256944