170574
596
3169
3687
20305
56287
7481
89780
7472
7471
1030
1029
890
11040
3690
20133
1003
3099
4763
4319
3039
3047
5292
7122
3688
134
89797
23468
595
18823
21454
2488
16183
7157
10002
226
3064
14432
3913
22390
4609
4884
10659
2252
624
27122
1299
84457
5731
671
1861
3235
6878
83879
64101
7592
10084
51141
269523
3397
22696
360463
7422
15891
3659
174
19701
18104
25628
467
18424
3122
4314
17748
12504
2520
648
15135
53313
652
6752
30009
18740
5747
3043
7270
2353
18999
14566
18508
20674
796
12640
17134
14972
25697
1026
24706
1956
10522
17984
26423
12057
12020
19324
12580
5551
13026
268515
94234
9966
6591
16333
81516
13653
11839
17869
15901
2247
24826
4233
653361
3488
3350
16848
3207
4312
7124
12159
1906
6240
3973
16192
914
3592
14836
18390
6194
15122
4880
18976
3309
7402
3456
9709
1081
3560
111519
13388
24177
3492
16590
240
18263
287910
3681
29148
15978
8877
3458
114889
2113
3600
18997
999
12842
6935
6615
4316
3162
3439
3106
6528
6938
6204
6206
5573
3596
2099
3484
7042
15977
836
389421
1869
15426
5970
50943
5105
12156
3569
17260
22786
22788
16875
5649
18013
20591
2919
18935
12162
5949
